[[[300.0122  175.40665]]
 [[328.7414  175.43535]]
 [[358.1084  174.78922]]
 [[386.50174 174.58   ]]
 [[415.51624 174.55782]]
 [[445.3212  174.46799]]
 [[474.4937  174.03802]]
 [[299.9101  203.50491]]
 [[328.87854 203.39336]]
 [[357.93213 203.40892]]
 [[387.12454 203.08827]]
 [[416.2321  203.07881]]
 [[446.6545  202.60933]]
 [[475.23303 202.54694]]
 [[299.74658 232.31363]]
 [[328.65204 232.27144]]
 [[358.68176 232.16937]]
 [[387.26385 232.02899]]
 [[416.69833 231.53925]]
 [[446.66577 231.54512]]
 [[476.447   231.50848]]
 [[299.44037 261.48376]]
 [[328.82288 261.38614]]
 [[358.62982 261.15817]]
 [[388.13824 261.36774]]
 [[417.58966 260.9658 ]]
 [[447.555   260.43408]]
 [[477.49307 260.5089 ]]
 [[299.1835  290.83456]]
 [[329.0418  290.61963]]
 [[358.90326 290.5047 ]]
 [[388.61258 290.5388 ]]
 [[418.3926  290.39236]]
 [[448.5264  290.54892]]
 [[478.4463  290.4679 ]]
 [[298.65952 320.72968]]
 [[328.63486 320.88208]]
 [[359.18787 320.80746]]
 [[388.5602  320.70758]]
 [[418.62616 320.82202]]
 [[449.67905 320.5456 ]]
 [[479.24435 320.4006 ]]]

OLD
  [[[300.96676636 176.0451355 ]]
   [[300.74325562 204.22740173]]
   [[300.83526611 232.96917725]]
   [[300.23861694 262.32339478]]
   [[300.01437378 291.90194702]]
   [[300.03866577 321.61584473]]
   [[329.80072021 176.08499146]]
   [[329.8218689  204.23764038]]
   [[329.58966064 232.97746277]]
   [[329.75457764 262.20046997]]
   [[330.05960083 291.75997925]]
   [[330.33279419 321.70831299]]
   [[359.09405518 175.88415527]]
   [[359.28555298 204.25561523]]
   [[359.82202148 232.83399963]]
   [[359.80325317 262.00115967]]
   [[360.01464844 291.81680298]]
   [[360.36593628 321.61773682]]
   [[387.69714355 175.83981323]]
   [[388.03396606 204.01571655]]
   [[388.22210693 232.84439087]]
   [[388.35543823 262.0302124 ]]
   [[389.04568481 291.54443359]]
   [[389.43701172 321.67236328]]
   [[416.14569092 175.7350769 ]]
   [[416.97637939 204.00018311]]
   [[417.7565918  232.2951355 ]]
   [[418.64779663 261.88394165]]
   [[419.64968872 291.53048706]]
   [[419.81170654 321.64691162]]
   [[446.10980225 175.28024292]]
   [[447.60482788 203.8976593 ]]
   [[447.9017334  232.14707947]]
   [[448.32785034 261.30007935]]
   [[449.53857422 291.64993286]]
   [[450.80474854 321.63800049]]
   [[475.67718506 175.01271057]]
   [[476.14035034 203.88424683]]
   [[476.90026855 232.16447449]]
   [[478.52523804 261.0111084 ]]
   [[479.75320435 291.50006104]]
   [[480.43490601 321.46231079]]]
